require(rms)
# create data
# data
age=c(8., 46., 12., 45., 64., 50., 49., 57., 43., 48., 14., 44., 55.,
       38., 27., 53., 13., 56., 54., 43., 50., 60., 54., 38., 27., 39.,
       32., 49., 48., 39., 46., 51., 54., 66., 54., 22., 49., 14., 48.,
        7., 54., 52., 66., 45., 48., 50., 25., 50., 76., 61., 30., 60.,
       37., 23., 48., 15., 35., 25., 59., 22., 43., 64., 44., 31., 36.,
       35., 13., 26., 47., 58., 42., 58., 28., 27., 32., 26., 50., 26.,
       28., 37.,  8., 50., 68., 47., 56., 17., 53., 57., 27., 49., 40.,
       63., 53.,  6., 72., 10., 41., 14., 52., 38., 60., 50., 26., 44.,
       10., 68., 36.,  9., 55., 53., 50., 14., 13., 18., 44., 62., 39.,
       39., 60., 30., 43., 10., 23., 54., 35., 40., 55., 48., 52., 32.,
       49., 41., 60., 64., 46., 58., 48., 48., 56., 19., 10., 50., 61.,
       60., 17., 45., 50., 70., 56., 24., 10., 36., 69., 38., 15., 28.,
       24., 57., 48., 56., 34.,  4., 18., 13., 48., 56., 60., 33., 55.,
       16., 52., 36., 29., 60., 50., 60., 29., 61., 30., 57., 43., 27.,
       50., 23., 16., 32., 40., 40., 68., 37., 29., 12., 22., 49., 18.,
       39., 20., 30., 25., 48., 46., 24., 69., 49., 23., 68., 13., 34.,
       13., 51., 24., 49., 52., 37., 60., 57., 46., 53., 43., 17., 12.,
       72., 64., 32.,  7., 17., 61., 40., 37., 18., 57., 17., 49., 50.,
       46., 42., 26., 69., 61., 60.,  4., 41., 32., 34.,  5.,  5., 50.,
        5., 71., 11., 51., 25., 32., 11., 43., 37., 41., 31., 54., 49.,
       25., 24.,  2., 22.,  2., 17., 29., 60., 57., 10., 51., 18., 69.,
        7.,  7., 28., 65., 12., 46., 48., 36., 46., 64.,  8., 46., 50.,
       68., 47., 56., 17., 62., 40., 80., 23.,  6., 24., 19., 19., 42.,
       72., 70., 55., 31., 40., 51., 51., 44.,  5., 24., 51., 50., 48.,
       71., 83., 83., 36., 49., 21., 43., 46., 52., 40., 11., 83., 67.,
       19., 37., 44., 15., 12., 43., 56., 11., 50., 58., 32.,  3.,  5.,
       48., 17., 44., 56., 45., 45., 33., 23., 69., 43., 48., 57., 59.,
       56., 71., 58., 59., 62., 46., 51., 49., 50., 65., 70., 60., 61.,
       67., 71., 65., 63., 63., 71., 66., 54., 41., 51., 69., 71., 41.,
       59., 49., 59., 49., 54., 65., 76., 66., 63., 66., 66., 60., 52.,
       68., 68., 62., 65., 55., 67., 60., 68., 57., 62., 64., 45., 58.,
       58., 56., 48., 49., 59., 56., 58., 52., 61., 68., 66., 64., 60.,
       64., 65., 63., 63., 69., 70., 64., 59., 61., 66., 53., 48., 69.,
       54., 64., 68., 54., 68., 67., 66., 46., 49., 54., 53., 63., 49.,
       56., 49., 52., 64., 69., 65., 70., 60., 66., 72., 71., 62., 65.,
       55., 60., 56., 55., 55., 59., 53., 56., 57., 64., 56., 62., 64.,
       69., 69., 68., 60., 62., 66., 67., 66., 70., 19., 34., 25., 12.,
       43., 27., 48.,  6., 64., 63., 59., 64., 63., 21., 12.,  6., 66.,
       71., 63., 61., 68., 62., 71., 60., 65., 65., 61., 59., 65., 66.,
       65., 63., 59.)

weight=c(12. , 17.5, 10.3, 17. , 20. , 21. , 24. , 18. , 17. , 17.5, 11. ,
       15. , 18. , 14. ,  1.5, 20. , 13.5, 20. , 18. , 20. , 17.5, 25. ,
       20. , 15. , 12. , 16. , 13.5, 16. , 13. , 11.5,  5. , 22.5, 20. ,
       20. , 17.5, 10.5, 15. , 10. , 16.5,  8.5, 20. , 18. , 18. , 19. ,
       15. , 19. , 10.5, 17. , 25. , 20. , 13.3, 18. , 15. , 11. , 19. ,
       10. , 16. , 13.5, 16. , 12.5, 16. , 22. , 16.5, 12. , 15.5, 15. ,
       12.5, 14. , 18. , 17. , 15. , 15. , 12. , 14.7, 15. , 15. , 16. ,
       15. , 14. , 12.5, 10. , 15. , 25. , 18. , 17.5, 11.5, 17.5, 17. ,
       17. , 12. , 17. , 15. , 15. , 11. , 15. , 11.5, 18. , 10. , 16. ,
       12.5, 25. , 16.5, 10.5, 17.5, 10. , 20. , 15. , 10. , 15. , 14. ,
       17. , 12.5, 10. , 12.5, 17. , 17.5, 15. , 18. , 21.5, 15. , 18. ,
        9. , 12.5, 19. , 12.5, 11.5, 16. , 12. , 21. , 15. , 15. , 15. ,
       17. , 22. , 25.5, 21. , 20. , 20. , 19. , 10.5, 10. , 17. , 25.5,
       20. , 12. , 15. , 15. , 16. , 25. , 13. ,  9. , 13. , 20. , 17.5,
       12. , 13.5, 12.7, 18. , 16. , 16.5, 15. ,  8. , 13. , 10. , 16. ,
       18. , 19. , 16. , 18. , 12. , 20.5, 14. , 12. , 20. , 17. , 18. ,
       15. , 15. , 14. , 13.5, 15. , 12.5, 20. , 10. , 12. , 15. , 16. ,
       12. , 25. , 15. , 12.5, 12. , 11.5, 17. , 10. , 16. , 11. , 12.5,
       12. , 17. , 12.5, 16. , 20. , 18. , 13. , 18. , 13. , 16. , 10. ,
       20.5, 12.5, 15. , 19. , 17. , 20. , 15. , 20. , 15. , 17. , 11.5,
       10.5, 20.5, 15. , 16. , 10. , 10.5, 30. , 15. , 14. , 15. , 19. ,
       11. , 16. , 21.5, 14. , 19.5, 13. , 20. , 19. , 17. ,  7. , 12. ,
       17. , 14. ,  9. , 10.5, 17.5,  7.5, 20. , 11.5, 18. , 18. , 13.5,
       10. , 16.5, 15. , 18. , 17.5, 20. , 15.5, 15. , 11. ,  6. , 12. ,
        6. , 13. , 12.5, 17. , 17. , 10. , 14. , 10.5, 17. , 11.5, 10. ,
       14. , 15. , 11. , 15. , 17. , 15. , 16. , 25. , 12. , 17.5, 15. ,
       25. , 18. , 17.5, 11.5, 21. , 20. , 20. , 16. ,  8.5, 11. , 11. ,
       11. , 18. , 22. , 18. , 19. , 13. , 16.5, 19. , 16. , 15. ,  8.8,
       12.5, 16.5, 20.5, 15. , 20. , 23. , 18. , 15. , 15. , 10. , 15. ,
       15. , 17. , 16. ,  8.5, 20. , 17.5, 13. , 15. , 14. , 13. , 11.5,
       15. , 15. , 10. , 16. , 16. , 12. ,  6. , 10. , 17. , 12. , 13. ,
       20. , 14.5, 15. , 18. , 10. , 20. , 18. , 16. , 19. , 17.5, 22. ,
       18.5, 19. , 24. , 20.5, 15.5, 14. , 13. , 14.5, 15.5, 24. , 18. ,
       18. , 19. , 22.5, 17.5, 17. , 21. , 21. , 19. , 16.5, 18.5, 17.5,
       19. , 21. , 17.5, 25. , 15.5, 18. , 17. , 17. , 25.5, 33.5, 25. ,
       20. , 20. , 18.5, 17.5, 16. , 31. , 17.5, 23. , 20. , 19. , 24. ,
       18. , 23. , 26. , 18. , 20. , 17. , 16. , 19. , 19. , 18. , 17. ,
       18.5, 20. , 17.5, 20.5, 18. , 20.5, 24. , 22. , 18.5, 16.5, 21. ,
       19. , 25. , 27. , 19. , 18. , 20.5, 33. , 16.5, 21. , 15.5, 19.5,
       20. , 16.5, 20. , 14.5, 19. , 25. , 21. , 17. , 15.5, 26.5, 16. ,
       25. , 15.5, 17. , 20.5, 21. , 20. , 24.5, 23. , 23.5, 16. , 21. ,
       19. , 22. , 15.5, 20. , 19. , 22. , 18.5, 23. , 18. , 17. , 17.5,
       17.5, 18. , 19. , 22.5, 22. , 17. , 25. , 20. , 18. , 17. , 20.5,
       17. , 16. , 17. , 24. , 10.5, 15. , 14. , 11. , 14. , 13. , 15.5,
        9. , 19. , 22. , 20.5, 18. , 30. , 13. , 10. , 11. , 26. , 23. ,
       20. , 22. , 28.5, 23. , 27. , 16. , 18.5, 15. , 16. , 16.5, 26. ,
       18.5, 19. , 15.4, 22.5)

wheezing frequebcy=c( 1. ,  2.5,  3. ,  2. ,  1. ,  2. ,  1. ,  2. ,  3. ,  2. ,  1. ,
        3. ,  2. ,  1. ,  1. ,  2. ,  3. ,  4. ,  3.5,  1. ,  5. ,  1. ,
        3.5,  1. ,  3.5,  5.5,  3. ,  2.5,  1. ,  1. ,  5. ,  1. ,  1. ,
        5.5,  2. ,  2. ,  2. ,  1. , 10. ,  4. ,  6. ,  7. ,  1. ,  7.5,
        2. ,  2. , 10. ,  5. ,  3.5,  4. ,  2. ,  1. ,  3.5,  2.5,  4.5,
        5. ,  3. ,  2.5,  1. ,  1. ,  1. ,  3.5,  3.5,  1. ,  3. ,  3. ,
        1. ,  1. ,  2. ,  2. ,  1. ,  1. ,  2.5,  1. ,  2. ,  2. ,  2. ,
        4. ,  1. ,  5. ,  2. ,  2. ,  2. ,  2. ,  3. ,  1. ,  4. ,  3. ,
        3. ,  2. ,  1. ,  1. ,  2. ,  1. ,  7. ,  1. ,  1. ,  2. ,  2.5,
        3. ,  1. ,  1. ,  2. ,  2. ,  2. ,  2. ,  2. ,  1. ,  3. ,  2. ,
        2. ,  1. ,  2. ,  5. ,  2. ,  1. ,  2. ,  1. ,  1. ,  2. ,  1. ,
        2. ,  1. ,  1. ,  2. ,  5. ,  5. ,  5. ,  3.5,  1.5,  5.5,  2. ,
        3. ,  5. ,  3.5,  1.5,  2.5,  1. ,  5. ,  5. ,  1. ,  2. ,  2. ,
        3. ,  3. ,  2. ,  1. ,  2.5,  3. ,  2. ,  1. ,  2. ,  1. ,  1. ,
        1. ,  4. ,  3. ,  1. ,  2. ,  1. ,  5. ,  1. ,  1. ,  1. ,  2. ,
        2.5,  1. ,  4. ,  2. ,  1. ,  2. ,  2. ,  5. ,  4. ,  3. ,  3. ,
        1. ,  5. ,  1. ,  1. ,  3. ,  1. ,  1. ,  2. ,  1. ,  1. ,  5. ,
        1. ,  1. , 10. ,  1. ,  4. ,  3. ,  3. ,  1. ,  1. ,  3. ,  1. ,
        1. ,  1. ,  1. ,  2. ,  1. ,  1. ,  2. ,  4. ,  3. ,  1. ,  1. ,
        2. ,  1. ,  1. ,  3. ,  3.5,  1. ,  1. ,  3. ,  1.5,  3. ,  1. ,
        1. ,  3. ,  1. ,  2. ,  1. ,  2. ,  1. ,  1. ,  1. ,  1. ,  3. ,
        3. ,  2. ,  3. ,  1. ,  1. ,  3. ,  4. ,  2. ,  2.5, 12. , 15. ,
        1. ,  3. ,  1. ,  1. ,  3.5,  1. ,  2. ,  1. ,  3.5,  1. ,  3. ,
        1. ,  2. ,  1. ,  1. ,  2. ,  1. ,  4. ,  3. ,  8. ,  1. ,  2. ,
        2. ,  3. ,  2. ,  3. ,  2. ,  2. ,  3. ,  1. ,  3. ,  1. ,  4. ,
        2. ,  3. ,  1. ,  3. ,  1. ,  2. ,  1. ,  8. ,  1. ,  2.5,  2. ,
        2. ,  2. ,  3. ,  1. ,  1. ,  1. ,  3. ,  2. ,  1. ,  1. ,  2. ,
        2. ,  1. ,  3. ,  1. ,  3. ,  1. , 10. ,  3.5,  1. ,  1. ,  1. ,
        3. ,  7.5,  1. ,  3. ,  2. ,  1. ,  1. ,  4. ,  1.5, 10. ,  1. ,
        7.5,  3. ,  3. ,  1. ,  1. ,  3. ,  1. ,  1. ,  2. ,  2. ,  1. ,
        1. ,  6. ,  3. ,  1. ,  3. ,  3. ,  1. ,  3.5,  1. ,  2. ,  1. ,
        3. ,  2. ,  4.5,  2. ,  8.5,  7.5,  3.5,  7.5,  4.5,  3.5,  4. ,
        2.5,  3. ,  5.5,  7.5,  7.5,  0.5,  3.5,  2.5,  4. , 10. ,  2.5,
        3.5, 10. ,  3.5,  3.5,  3. ,  3.5,  2.5,  3.5,  4.5,  2.5,  3. ,
        4.5,  3.5,  1.5,  6. ,  2.5,  4.5,  7.5,  4.5,  5.5,  1. ,  7.5,
        3.5,  7.5, 10. ,  2.5,  4.5, 10. ,  5.5,  2.5,  2.5,  2.5,  4.5,
        2.5,  7.5,  7.5,  5.5,  3.5,  2.5,  5.5,  0.5,  1.5,  3. ,  2.5,
        5.5,  2.5,  1.5,  3.5,  5.5,  2.5,  0.5,  5.5,  2.5,  2. ,  1.5,
        3.5,  3.5,  3.5,  4. ,  7.5,  1. ,  0.5,  7.5,  1. ,  4. ,  4.5,
        5.5,  3.5,  7.5,  1. ,  3.5,  2. ,  2.5,  3. ,  2. ,  5.5,  5.5,
        2.5,  2. ,  2.5,  2. ,  2. ,  1.5,  2.5,  1.5,  0.5,  2. ,  5.5,
        2. ,  3. ,  1. ,  7.5,  3.5,  1. ,  5.5,  1. ,  2. ,  2.5,  1. ,
        2.5,  3. ,  2. ,  1. ,  1. ,  2.5,  2. ,  4.5,  1. ,  1. ,  1. ,
        2.5,  1. ,  3. ,  7.5,  2. ,  4.5,  3.5,  4. ,  4. ,  5.5,  1. ,
        2. ,  4.5,  1.5,  1. ,  7.5,  3.5,  1. ,  1. ,  1. ,  5.5,  2.5,
        3.5,  3. ,  3. ,  2.5,  3. ,  3.5,  1.5,  1. ,  2. ,  7.5,  3.5,
        2. ,  2. ,  3.5,  1. )

Incentive=c(1., 1., 0., 1., 1., 1., 0., 1., 0., 1., 1., 0., 1., 0., 1., 0., 0.,
       1., 1., 0., 0., 1., 1., 0., 0., 1., 1., 0., 1., 1., 1., 1., 1., 0.,
       0., 0., 0., 0., 1., 0., 1., 1., 0., 1., 0., 0., 0., 1., 1., 1., 0.,
       0., 1., 1., 1., 0., 1., 1., 1., 0., 1., 1., 1., 1., 1., 1., 0., 1.,
       1., 1., 1., 0., 0., 1., 0., 1., 1., 1., 0., 1., 0., 0., 1., 1., 0.,
       0., 1., 1., 0., 1., 0., 1., 1., 0., 0., 0., 1., 0., 0., 1., 1., 0.,
       1., 1., 1., 1., 1., 1., 1., 1., 1., 1., 1., 1., 1., 1., 1., 0., 0.,
       0., 0., 0., 0., 1., 1., 1., 1., 0., 1., 0., 0., 1., 0., 1., 1., 1.,
       1., 1., 1., 0., 0., 1., 1., 0., 1., 0., 1., 1., 1., 1., 1., 1., 1.,
       1., 1., 0., 0., 1., 1., 0., 0., 1., 1., 1., 1., 1., 1., 1., 1., 1.,
       1., 1., 0., 1., 1., 1., 1., 0., 0., 1., 0., 1., 1., 1., 1., 1., 1.,
       1., 1., 1., 0., 0., 1., 1., 1., 1., 1., 1., 1., 1., 0., 1., 1., 1.,
       1., 1., 1., 1., 1., 1., 1., 1., 0., 1., 1., 0., 1., 1., 0., 1., 1.,
       1., 1., 1., 1., 1., 1., 1., 1., 1., 1., 1., 1., 1., 1., 1., 1., 1.,
       0., 0., 1., 1., 1., 1., 0., 0., 1., 0., 1., 0., 0., 1., 1., 1., 1.,
       1., 0., 1., 1., 1., 1., 1., 0., 1., 1., 1., 1., 1., 1., 1., 1., 1.,
       1., 1., 0., 1., 0., 1., 1., 1., 1., 1., 1., 1., 1., 0., 1., 1., 0.,
       0., 0., 0., 1., 1., 1., 1., 1., 1., 1., 1., 1., 1., 1., 1., 1., 0.,
       1., 0., 1., 0., 1., 0., 1., 1., 1., 1., 1., 0., 1., 1., 1., 1., 1.,
       1., 1., 1., 1., 1., 1., 1., 1., 1., 1., 1., 1., 1., 1., 0., 1., 1.,
       1., 1., 0., 0., 0., 0., 1., 1., 1., 1., 1., 1., 1., 1., 1., 1., 1.,
       1., 1., 1., 1., 1., 1., 1., 1., 1., 1., 1., 1., 1., 1., 1., 1., 1.,
       1., 1., 1., 1., 1., 1., 1., 0., 1., 1., 0., 1., 1., 1., 1., 1., 1.,
       1., 1., 1., 1., 1., 1., 1., 1., 1., 1., 1., 1., 1., 1., 1., 1., 0.,
       1., 1., 1., 1., 1., 0., 1., 1., 1., 0., 1., 1., 1., 1., 1., 1., 1.,
       1., 1., 1., 1., 1., 1., 1., 1., 1., 1., 1., 1., 1., 1., 1., 1., 1.,
       1., 1., 1., 1., 1., 1., 1., 1., 1., 1., 1., 1., 1., 1., 1., 1., 1.,
       1., 1., 1., 1., 1., 1., 1., 1., 1., 1., 1., 1., 1., 1., 1., 1., 1.,
       1., 1., 1., 1., 1., 1., 1., 1., 1., 1., 1., 1., 1., 1., 1., 1., 1.,
       1., 1., 1., 1., 1., 1., 1., 1., 1., 1., 1., 1., 1., 1., 1., 1., 1.)

wheezing without fever=c(1., 1., 1., 1., 1., 0., 1., 1., 0., 1., 1., 1., 1., 1., 1., 1., 0.,
       1., 1., 0., 1., 1., 1., 1., 1., 1., 1., 0., 1., 0., 1., 1., 1., 1.,
       1., 1., 1., 0., 1., 0., 0., 1., 0., 1., 0., 1., 1., 1., 1., 1., 1.,
       1., 1., 1., 0., 1., 1., 1., 1., 1., 1., 0., 0., 1., 0., 1., 0., 0.,
       1., 1., 1., 1., 1., 0., 1., 1., 1., 1., 1., 1., 1., 1., 1., 1., 1.,
       0., 1., 1., 1., 1., 0., 1., 1., 0., 0., 1., 0., 1., 1., 0., 1., 0.,
       1., 1., 1., 1., 1., 1., 1., 1., 1., 1., 1., 1., 1., 1., 1., 1., 1.,
       1., 0., 0., 0., 0., 1., 1., 1., 0., 1., 0., 0., 1., 0., 0., 1., 1.,
       0., 0., 0., 1., 1., 1., 1., 0., 0., 0., 0., 0., 0., 1., 1., 1., 0.,
       1., 1., 1., 1., 1., 1., 0., 1., 0., 0., 0., 1., 1., 1., 1., 1., 0.,
       1., 1., 0., 1., 1., 1., 1., 0., 1., 1., 0., 1., 0., 1., 0., 0., 1.,
       1., 1., 1., 1., 1., 0., 1., 1., 0., 0., 1., 1., 1., 1., 1., 1., 0.,
       1., 1., 0., 1., 1., 1., 1., 0., 0., 0., 0., 0., 1., 0., 0., 0., 1.,
       1., 1., 1., 1., 1., 1., 0., 0., 0., 1., 0., 1., 1., 0., 1., 1., 1.,
       1., 1., 0., 1., 1., 1., 0., 1., 1., 1., 1., 0., 1., 1., 1., 1., 1.,
       1., 0., 1., 1., 1., 1., 1., 0., 1., 1., 1., 1., 0., 1., 0., 0., 0.,
       1., 1., 1., 1., 1., 0., 1., 0., 1., 0., 1., 1., 1., 1., 1., 1., 1.,
       0., 1., 1., 0., 0., 0., 0., 0., 0., 0., 1., 0., 1., 0., 0., 1., 1.,
       1., 1., 1., 1., 1., 1., 0., 0., 0., 1., 0., 1., 0., 0., 1., 0., 0.,
       0., 1., 1., 1., 0., 0., 0., 1., 0., 1., 1., 0., 0., 0., 1., 0., 1.,
       0., 1., 1., 1., 1., 1., 1., 1., 1., 1., 1., 1., 1., 1., 1., 1., 1.,
       1., 1., 1., 1., 1., 1., 1., 0., 1., 1., 0., 1., 1., 1., 1., 1., 1.,
       1., 1., 1., 1., 1., 1., 1., 1., 1., 1., 1., 1., 1., 1., 1., 1., 1.,
       1., 1., 1., 1., 1., 1., 1., 1., 1., 1., 1., 1., 1., 1., 0., 1., 1.,
       1., 1., 1., 1., 1., 1., 1., 1., 0., 1., 1., 1., 1., 1., 1., 1., 1.,
       1., 0., 1., 1., 1., 1., 1., 1., 1., 1., 1., 1., 0., 1., 1., 1., 1.,
       1., 0., 1., 1., 1., 1., 1., 1., 1., 1., 1., 0., 1., 1., 1., 1., 1.,
       1., 1., 1., 1., 0., 1., 0., 1., 0., 1., 1., 1., 1., 1., 1., 0., 1.,
       1., 1., 1., 1., 1., 1., 1., 1., 1., 1., 1., 1., 1., 1., 0., 1., 0.,
       1., 1., 1., 1., 1., 1., 1., 1., 1., 1., 1., 1., 1., 1., 1., 1., 1.)

family history=c(0., 1., 1., 0., 1., 1., 1., 0., 0., 0., 0., 1., 1., 0., 1., 1., 1.,
       1., 1., 1., 1., 1., 1., 1., 1., 1., 1., 1., 1., 1., 0., 0., 1., 1.,
       1., 1., 1., 1., 1., 0., 0., 1., 0., 1., 0., 1., 0., 0., 0., 1., 0.,
       1., 1., 0., 1., 1., 0., 1., 1., 1., 1., 1., 1., 1., 1., 1., 0., 1.,
       1., 1., 0., 0., 0., 1., 1., 0., 1., 1., 1., 1., 0., 0., 0., 1., 0.,
       1., 1., 1., 0., 1., 0., 1., 1., 1., 1., 0., 0., 1., 1., 1., 0., 1.,
       0., 0., 1., 1., 0., 1., 0., 1., 1., 0., 1., 1., 1., 0., 0., 1., 0.,
       0., 1., 0., 1., 1., 1., 0., 0., 1., 0., 0., 0., 1., 0., 1., 1., 0.,
       0., 0., 0., 1., 0., 1., 0., 1., 1., 0., 0., 1., 0., 1., 1., 1., 1.,
       1., 1., 0., 1., 1., 0., 0., 0., 0., 1., 0., 0., 1., 1., 0., 0., 0.,
       0., 0., 0., 1., 1., 0., 1., 0., 1., 0., 1., 1., 1., 1., 1., 1., 1.,
       1., 1., 0., 0., 1., 1., 0., 1., 1., 1., 1., 1., 0., 1., 0., 0., 1.,
       1., 1., 0., 1., 0., 1., 1., 0., 1., 0., 1., 1., 0., 1., 0., 1., 1.,
       1., 1., 0., 1., 1., 1., 0., 0., 1., 0., 1., 1., 0., 1., 1., 1., 0.,
       1., 1., 0., 1., 0., 1., 0., 0., 0., 1., 0., 0., 0., 1., 1., 1., 1.,
       1., 1., 0., 1., 1., 1., 1., 0., 0., 0., 1., 0., 1., 1., 1., 0., 0.,
       1., 1., 0., 1., 1., 0., 1., 1., 0., 1., 0., 0., 1., 0., 0., 1., 0.,
       1., 0., 1., 1., 1., 0., 1., 1., 1., 1., 0., 1., 0., 1., 1., 1., 0.,
       1., 0., 1., 1., 0., 0., 0., 0., 1., 0., 1., 0., 0., 0., 0., 1., 0.,
       0., 1., 1., 1., 0., 1., 0., 1., 0., 0., 0., 1., 0., 1., 1., 0., 1.,
       1., 0., 0., 1., 1., 0., 1., 0., 1., 1., 1., 1., 1., 1., 1., 1., 1.,
       1., 0., 1., 1., 0., 1., 0., 1., 1., 1., 0., 1., 1., 0., 1., 0., 1.,
       1., 1., 1., 1., 0., 1., 0., 1., 0., 0., 1., 1., 0., 1., 1., 1., 1.,
       1., 0., 1., 1., 1., 1., 0., 1., 1., 1., 1., 0., 0., 1., 1., 1., 0.,
       1., 1., 0., 1., 1., 1., 1., 1., 1., 0., 1., 1., 1., 1., 1., 0., 0.,
       1., 0., 1., 0., 1., 1., 0., 0., 0., 1., 1., 0., 1., 0., 0., 1., 1.,
       0., 1., 0., 1., 1., 1., 1., 0., 0., 0., 1., 1., 0., 1., 1., 1., 1.,
       1., 0., 1., 1., 1., 0., 0., 1., 1., 1., 1., 0., 0., 1., 1., 1., 1.,
       0., 0., 1., 1., 1., 1., 1., 0., 1., 1., 1., 0., 1., 0., 1., 1., 1.,
       0., 1., 0., 1., 1., 0., 1., 0., 1., 1., 1., 0., 1., 1., 1., 1., 1.)
family history of rhinitis=c(0., 1., 1., 0., 1., 1., 1., 0., 0., 0., 0., 1., 1., 0., 1., 1., 1.,
       1., 1., 1., 0., 1., 1., 1., 1., 1., 1., 1., 1., 1., 0., 0., 1., 1.,
       1., 1., 1., 1., 1., 0., 0., 1., 0., 1., 0., 1., 0., 0., 0., 0., 0.,
       1., 1., 0., 1., 1., 0., 1., 1., 1., 1., 1., 1., 1., 1., 0., 0., 1.,
       1., 1., 0., 0., 0., 1., 1., 0., 1., 1., 1., 1., 0., 0., 0., 1., 0.,
       0., 1., 0., 0., 0., 0., 1., 1., 1., 1., 0., 0., 1., 1., 1., 0., 1.,
       0., 0., 1., 1., 0., 1., 0., 1., 1., 0., 0., 0., 1., 0., 0., 1., 0.,
       0., 1., 0., 1., 1., 1., 0., 0., 0., 0., 0., 0., 1., 0., 1., 0., 0.,
       0., 0., 0., 1., 0., 1., 0., 1., 1., 0., 0., 0., 0., 1., 1., 0., 1.,
       0., 0., 0., 1., 0., 0., 0., 0., 0., 1., 0., 0., 1., 1., 0., 0., 0.,
       0., 0., 0., 1., 1., 0., 1., 0., 1., 0., 1., 1., 1., 1., 1., 0., 1.,
       1., 1., 0., 0., 1., 1., 0., 1., 1., 1., 1., 1., 0., 1., 0., 0., 1.,
       1., 1., 0., 1., 0., 1., 0., 0., 1., 0., 1., 1., 0., 1., 0., 1., 1.,
       1., 1., 0., 1., 1., 1., 0., 0., 1., 0., 1., 1., 0., 1., 0., 1., 0.,
       0., 1., 0., 0., 0., 1., 0., 0., 0., 1., 0., 0., 0., 0., 1., 0., 1.,
       1., 1., 0., 1., 1., 1., 1., 0., 0., 0., 1., 0., 1., 1., 1., 0., 0.,
       1., 1., 0., 1., 1., 0., 1., 1., 0., 1., 0., 0., 1., 0., 0., 1., 0.,
       0., 0., 1., 1., 0., 0., 1., 1., 1., 1., 0., 1., 0., 1., 1., 0., 0.,
       1., 0., 1., 1., 0., 0., 0., 0., 0., 0., 0., 0., 0., 0., 0., 1., 0.,
       0., 0., 1., 0., 0., 1., 0., 0., 0., 0., 0., 1., 0., 1., 1., 0., 1.,
       1., 0., 0., 1., 1., 0., 0., 0., 1., 1., 1., 1., 1., 1., 1., 0., 1.,
       1., 0., 0., 1., 0., 1., 0., 1., 1., 0., 0., 1., 1., 0., 1., 0., 1.,
       1., 1., 1., 1., 0., 1., 0., 1., 0., 0., 1., 0., 0., 1., 1., 1., 0.,
       1., 0., 0., 1., 1., 1., 0., 1., 0., 1., 1., 0., 0., 1., 1., 0., 0.,
       1., 1., 0., 1., 1., 0., 1., 1., 0., 0., 1., 1., 1., 0., 1., 0., 0.,
       1., 0., 1., 0., 1., 1., 0., 0., 0., 1., 1., 0., 1., 0., 0., 1., 1.,
       0., 1., 0., 1., 0., 1., 1., 0., 0., 0., 1., 0., 0., 0., 0., 1., 0.,
       1., 0., 1., 1., 0., 0., 0., 1., 1., 1., 1., 0., 0., 1., 1., 1., 1.,
       0., 0., 1., 1., 0., 0., 1., 0., 1., 1., 1., 0., 1., 0., 1., 1., 1.,
       0., 1., 0., 1., 0., 0., 1., 0., 1., 1., 1., 0., 1., 1., 1., 1., 1.)

allergy evidence=c(0., 1., 0., 0., 1., 1., 0., 0., 0., 1., 1., 1., 1., 1., 1., 0., 0.,
       1., 1., 0., 0., 1., 1., 0., 1., 1., 1., 1., 1., 0., 1., 1., 0., 1.,
       1., 0., 1., 0., 0., 0., 1., 1., 0., 1., 1., 1., 0., 1., 1., 1., 0.,
       0., 1., 0., 1., 1., 0., 1., 1., 1., 0., 1., 1., 1., 1., 0., 0., 0.,
       0., 0., 0., 1., 0., 0., 0., 0., 1., 0., 0., 1., 0., 1., 1., 1., 1.,
       0., 1., 1., 0., 1., 1., 0., 0., 0., 0., 0., 1., 0., 1., 1., 1., 0.,
       0., 1., 0., 1., 0., 0., 1., 1., 1., 0., 0., 1., 1., 0., 1., 0., 1.,
       0., 0., 0., 0., 1., 1., 1., 1., 1., 0., 0., 1., 1., 1., 1., 1., 1.,
       1., 1., 1., 1., 0., 1., 0., 1., 1., 1., 1., 1., 0., 0., 0., 1., 0.,
       0., 1., 0., 0., 0., 0., 0., 1., 0., 0., 1., 1., 1., 1., 0., 1., 1.,
       1., 0., 0., 1., 1., 1., 1., 1., 0., 0., 1., 0., 1., 0., 0., 0., 1.,
       1., 1., 0., 0., 0., 0., 0., 0., 0., 1., 0., 0., 1., 1., 0., 1., 1.,
       1., 1., 0., 0., 0., 0., 0., 1., 1., 0., 1., 0., 0., 1., 1., 0., 1.,
       1., 1., 0., 0., 0., 1., 1., 0., 0., 1., 0., 1., 1., 1., 0., 0., 1.,
       1., 1., 0., 1., 1., 0., 0., 0., 1., 0., 1., 0., 0., 1., 0., 0., 0.,
       0., 0., 1., 0., 0., 0., 1., 0., 1., 0., 0., 1., 1., 0., 0., 1., 0.,
       1., 0., 0., 1., 1., 0., 1., 1., 0., 1., 1., 0., 1., 1., 1., 1., 1.,
       0., 1., 0., 1., 0., 0., 1., 0., 0., 0., 0., 0., 1., 0., 1., 0., 1.,
       0., 0., 1., 1., 1., 0., 1., 1., 1., 1., 1., 0., 1., 0., 0., 0., 0.,
       1., 1., 0., 1., 0., 0., 0., 0., 1., 0., 1., 1., 0., 0., 0., 0., 1.,
       0., 1., 0., 0., 0., 1., 1., 1., 1., 0., 1., 1., 0., 1., 1., 1., 1.,
       1., 1., 1., 0., 1., 1., 0., 1., 1., 1., 1., 1., 1., 1., 1., 1., 1.,
       1., 1., 1., 1., 1., 1., 1., 1., 1., 1., 1., 1., 1., 1., 1., 1., 0.,
       1., 1., 1., 1., 1., 1., 1., 0., 1., 1., 1., 1., 1., 0., 0., 1., 1.,
       1., 1., 0., 1., 1., 0., 0., 1., 1., 1., 1., 1., 1., 0., 1., 0., 0.,
       1., 1., 1., 1., 1., 1., 1., 1., 1., 1., 0., 1., 1., 1., 1., 1., 1.,
       1., 1., 1., 1., 1., 1., 1., 1., 0., 1., 1., 1., 1., 1., 1., 0., 1.,
       1., 1., 1., 1., 1., 1., 1., 1., 1., 1., 1., 1., 1., 0., 1., 0., 1.,
       1., 1., 1., 1., 0., 0., 0., 0., 0., 1., 1., 0., 1., 1., 0., 0., 0.,
       1., 1., 0., 1., 1., 0., 1., 1., 1., 1., 1., 1., 1., 1., 1., 1., 1.)

# label
y=c(0., 0., 0., 0., 1., 0., 0., 1., 0., 1., 0., 0., 0., 0., 0., 0., 0.,
       1., 1., 0., 0., 1., 1., 0., 0., 0., 0., 0., 1., 0., 0., 1., 1., 0.,
       1., 1., 1., 0., 1., 0., 1., 1., 0., 0., 1., 0., 0., 1., 1., 1., 0.,
       1., 0., 0., 1., 0., 0., 1., 0., 0., 0., 1., 1., 0., 1., 0., 0., 0.,
       1., 1., 0., 1., 0., 1., 1., 0., 0., 1., 0., 1., 0., 1., 1., 1., 1.,
       0., 1., 1., 0., 1., 0., 0., 1., 0., 1., 0., 0., 0., 1., 1., 1., 1.,
       0., 1., 0., 1., 0., 0., 1., 1., 1., 1., 0., 1., 1., 0., 1., 0., 1.,
       0., 0., 0., 0., 0., 1., 1., 0., 0., 1., 0., 1., 0., 0., 1., 1., 1.,
       1., 0., 1., 1., 0., 1., 1., 1., 0., 0., 0., 1., 0., 1., 0., 0., 1.,
       0., 0., 1., 1., 0., 1., 0., 1., 0., 0., 0., 1., 1., 0., 1., 0., 0.,
       0., 0., 1., 0., 1., 0., 0., 0., 0., 0., 1., 1., 0., 0., 0., 0., 0.,
       0., 0., 1., 0., 0., 0., 1., 0., 1., 0., 1., 0., 1., 0., 0., 0., 0.,
       0., 1., 0., 0., 0., 0., 0., 1., 0., 1., 0., 0., 0., 1., 0., 0., 0.,
       1., 1., 1., 0., 0., 1., 0., 0., 0., 1., 0., 1., 1., 0., 1., 0., 0.,
       1., 1., 0., 0., 0., 0., 0., 0., 1., 1., 1., 0., 1., 0., 0., 0., 0.,
       0., 0., 0., 1., 1., 0., 1., 0., 0., 0., 0., 1., 1., 1., 0., 1., 1.,
       1., 0., 0., 0., 1., 0., 1., 0., 1., 0., 1., 0., 0., 1., 1., 1., 1.,
       0., 0., 0., 1., 1., 0., 0., 0., 0., 0., 0., 0., 0., 0., 0., 1., 0.,
       1., 0., 0., 1., 1., 0., 1., 1., 1., 0., 1., 0., 1., 1., 1., 1., 0.,
       1., 1., 0., 0., 0., 0., 0., 0., 1., 0., 0., 1., 1., 0., 0., 1., 0.,
       0., 1., 0., 1., 0., 1., 1., 1., 1., 1., 1., 1., 1., 1., 1., 1., 1.,
       1., 1., 1., 1., 1., 1., 1., 1., 1., 1., 1., 1., 1., 1., 1., 1., 1.,
       1., 1., 1., 1., 1., 1., 1., 1., 1., 0., 1., 1., 1., 1., 1., 1., 1.,
       1., 1., 1., 1., 1., 1., 1., 1., 1., 1., 0., 1., 0., 1., 0., 0., 1.,
       1., 1., 1., 1., 1., 1., 1., 1., 0., 1., 1., 1., 1., 1., 1., 0., 1.,
       1., 0., 0., 1., 1., 1., 1., 0., 1., 1., 1., 1., 0., 1., 1., 1., 0.,
       1., 0., 0., 1., 1., 1., 1., 1., 1., 1., 1., 0., 1., 1., 1., 1., 0.,
       0., 1., 0., 0., 1., 1., 0., 1., 0., 1., 1., 0., 0., 0., 1., 0., 1.,
       1., 0., 0., 0., 0., 0., 0., 0., 0., 1., 1., 0., 1., 1., 0., 0., 0.,
       1., 1., 1., 1., 1., 1., 1., 1., 1., 0., 1., 1., 1., 1., 1., 1., 1.)

# setting param
ddist <- datadist(age, weight, wheezing frequebcy, Incentive, wheezing without fever, family history, family history of rhinitis, allergy evidence)
options(datadist='ddist')
# logistic regression
f <- lrm(y~age + weight + wheezing frequebcy + Incentive + wheezing without fever + family history + family history of rhinitis + allergy evidence)
# nomoogram
nom <- nomogram(f, fun=plogis,
fun.at = c(0.014, 0.005, 0.042, 0.074, 0.121, 0.008, 0.02, 0.07, seq(),),
lp=F, funlabel='Risk')
plot(nom)

